0 90 CityGeoDa PostCode
10434 10440         595.760889
10434 10682         551.337494
10434 10433         476.517415
10434 11251          518.03422
10435 10441         762.870769
10435 10437         692.110611
10435 10436         390.779918
10435 10553          484.35873
10436 10438         554.712419
10436 10553         491.527167
10436 10437          307.12495
10436 10435         390.779918
10440 10433         629.512411
10440 10444         629.180309
10440 10439         397.605246
10440 10434         595.760889
10442 10443         1334.66784
10442 10444         1099.67789
10442 10447         917.514517
10442 10441         1032.65988
10443 10442         1334.66784
10443 10444         1044.85623
10443 10445         822.697973
10443 10446         1020.65093
10444 10438         935.810593
10444 10441         849.140066
10444 10440         629.180309
10444 10439         741.518483
10445 11252         826.236661
10445 10443         822.697973
10445 11253         749.108985
10445 10446         596.757893
10446 11253         732.468443
10446 10445         596.757893
10446 11252         436.269785
10446 11251         531.516876
10553 10552         549.004861
10553 10435          484.35873
10553 10436         491.527167
10553 10554         356.941049
10554 10560         405.700351
10554 10552         399.765017
10554 10551         345.656863
10554 10553         356.941049
10557 10558         663.282645
10557 10671         617.777298
10557 10674         524.752027
10557 10563         571.391094
10560 10559         311.161434
10560 10562         277.377872
10560 10561         233.952946
10560 10551         252.627743
10562 10564          322.32105
10562 10560         277.377872
10562 10563         134.255688
10562 10561         165.516384
10564 10562          322.32105
10564 10559          248.14524
10564 10679         211.175938
10564 10561         176.710527
10672 10671         339.344019
10672 10679         330.304498
10672 10673         287.762484
10672 10680         310.472454
10682 10432         459.870214
10682 10677         411.788203
10682 10683         249.921406
10682 10433         332.495498
11362 11473         854.786426
11362 11257         540.750188
11362 11361         429.747495
11362 11474         528.306958
10683 10677         489.416057
10683 11473         455.341952
10683 10681         303.381951
10683 10682         249.921406
11141 11142          942.22818
11141 11143         910.021254
11141 11144         666.757239
11141 11255         760.276871
11142 11255          1666.3974
11142 11144          1479.3699
11142 11141          942.22818
11142 11143         933.356773
10680 10678         463.900738
10680 10679         365.402484
10680 10681         286.428657
10680 10672         310.472454
10681 10677          429.60163
10681 10678         386.260331
10681 10683         303.381951
10681 10680         286.428657
11143 11145         1384.07421
11143 11144         952.423818
11143 11141         910.021254
11143 11142         933.356773
11144 11255         830.429693
11144 11145         702.833272
11144 11141         666.757239
11144 11254         686.601384
11251 10446         531.516876
11251 10434          518.03422
11251 11257         417.961839
11251 11252          457.42812
11252 11253         468.446823
11252 11251          457.42812
11252 11257         434.178678
11252 10446         436.269785
11253 10446         732.468443
11253 11254         477.632564
11253 11256         380.902711
11253 11252         468.446823
11254 11144         686.601384
11254 11255         614.236263
11254 11256         610.121242
11254 11253         477.632564
11255 11141         760.276871
11255 11364          703.02065
11255 11254         614.236263
11255 11256         622.035895
11256 11364         616.618222
11256 11254         610.121242
11256 11253         380.902711
11256 11361         610.034772
11361 11252         644.144084
11361 11256         610.034772
11361 11257         353.207381
11361 11362         429.747495
11364 11361         722.955007
11364 11255          703.02065
11364 11256         616.618222
11364 11363         697.311342
11471 10680         801.991316
11471 11521         676.975327
11471 11472         445.733372
11471 10676         666.174791
11472 10681          702.30989
11472 11474         651.386325
11472 11473         401.531517
11472 11471         445.733372
11473 10681         588.334802
11473 11474          495.40679
11473 11472         401.531517
11473 10683         455.341952
11474 11475         702.967844
11474 11472         651.386325
11474 11473          495.40679
11474 11362         528.306958
11475 11471         873.875344
11475 11472         775.601893
11475 11522         456.137375
11475 11474         702.967844
11476 11475          952.91502
11476 11522         828.643813
11476 11363         595.581463
11476 11524         721.248823
11521 11528         966.663859
11521 11475         960.292359
11521 11471         676.975327
11521 10676         826.579455
11522 11524         896.169039
11522 11476         828.643813
11522 11475         456.137375
11522 11523         559.967827
11523 11475         993.487883
11523 11524         823.542381
11523 11526         544.993022
11523 11522         559.967827
11526 11522         1062.87825
11526 11524         818.110557
11526 11523         544.993022
11526 11527         800.869495
11527 11524         1535.07841
11527 11523          1288.9118
11527 11526         800.869495
11527 11525         1050.68485
11528 10675         1246.39292
11528 10676         1053.55988
11528 11634         913.521766
11528 11521         966.663859
11633 11636         1064.21331
11633 11632         820.707054
11633 11634         607.618863
11633 11635         637.575118
11634 10674         751.548466
11634 10675         744.212138
11634 11635         420.582273
11634 11633         607.618863
11635 11636         757.776681
11635 11633         637.575118
11635 10674         596.464197
11635 11634         420.582273
11636 11635         757.776681
11636 11631         747.970506
11636 11632         716.965597
11636 11743         717.829563
11741 11745         999.191654
11741 11851         869.634857
11741 11852         763.111645
11741 11742         682.079602
10438 10433         524.473838
10438 10432         452.076294
10438 10439          309.06928
10438 10437         348.911066
10439 10432         602.797737
10439 10440         397.605246
10439 10433         447.633522
10439 10438          309.06928
10441 10444         849.140066
10441 10447         799.211889
10441 10435         762.870769
10441 10436         787.544213
10447 10435           1227.171
10447 10442         917.514517
10447 10441         799.211889
10447 11855         807.849194
10551 10554         345.656863
10551 10560         252.627743
10551 10559          192.90506
10551 10552          231.03942
10552 10554         399.765017
10552 10559         333.337125
10552 10551          231.03942
10552 10431         295.159354
11744 11741         1357.06595
11744 11743         864.830513
11744 11631         1077.19291
11744 11745         562.849622
11745 11742         1301.00977
11745 11743         1031.90691
11745 11744         562.849622
11745 11741         999.191654
11851 11852         861.468055
11851 10553         813.241249
11851 10555          655.71014
11851 11854         575.288181
11852 11854         1078.84273
11852 11851         861.468055
11852 11853         531.508622
11852 11741         763.111645
11853 11741         1268.23664
11853 11851         1028.25603
11853 11852         531.508622
11853 11854          934.07908
11854 11853          934.07908
11854 10553         925.439554
11854 11851         575.288181
11854 10435         769.248429
10555 10553         613.728239
10555 10558         558.941162
10555 10554         447.422702
10555 10556         473.083116
10556 10562         424.155922
10556 10560         414.407715
10556 10558          316.31345
10556 10563          322.83176
10558 10563          578.99267
10558 10555         558.941162
10558 10556          316.31345
10558 11742         434.337078
10431 10437         372.130986
10431 10677          360.58114
10431 10432         254.911419
10431 10552         295.159354
10432 10438         452.076294
10432 10433         378.102297
10432 10431         254.911419
10432 10677         286.561632
10433 10434         476.517415
10433 10439         447.633522
10433 10682         332.495498
10433 10432         378.102297
10437 10552         446.923986
10437 10431         372.130986
10437 10438         348.911066
10437 10436          307.12495
10673 10680         545.058252
10673 10671         295.297731
10673 10675         439.823099
10673 10672         287.762484
10674 10673          556.58519
10674 10671         525.512953
10674 10675         352.186667
10674 10557         524.752027
10675 10671         599.591314
10675 10673         439.823099
10675 10676         328.833663
10675 10674         352.186667
10676 10674         679.332493
10676 11471         666.174791
10676 10675         328.833663
10676 10673          591.01819
10677 10682         411.788203
10677 10431          360.58114
10677 10678         206.295933
10677 10432         286.561632
10678 10559         390.407751
10678 10681         386.260331
10678 10677         206.295933
10678 10679         297.266002
10679 10680         365.402484
10679 10672         330.304498
10679 10564         211.175938
10679 10678         297.266002
11145 11253         1203.08805
11145 10445         996.402023
11145 11254         848.843426
11145 11144         702.833272
11257 11362         540.750188
11257 11252         434.178678
11257 11361         353.207381
11257 11251         417.961839
11524 11522         896.169039
11524 11523         823.542381
11524 11476         721.248823
11524 11526         818.110557
11525 11523         1588.69295
11525 11524         1222.39732
11525 11526         1096.52445
11525 11527         1050.68485
11631 11744         1077.19291
11631 11743         887.636982
11631 11632         482.376198
11631 11636         747.970506
11632 11635         1012.40047
11632 11633         820.707054
11632 11631         482.376198
11632 11636         716.965597
11855 10441         1441.16005
11855 11853         1407.93688
11855 10447         807.849194
11855 11854         1126.48395
11363 11361         1015.55025
11363 11362           987.9656
11363 11364         697.311342
11363 11476         595.581463
11742 10556         745.814982
11742 11741         682.079602
11742 10558         434.337078
11742 11743         654.687969
11743 11631         887.636982
11743 11744         864.830513
11743 11636         717.829563
11743 11742         654.687969
10559 10560         311.161434
10559 10561         283.793737
10559 10564          248.14524
10559 10551          192.90506
10561 10559         283.793737
10561 10560         233.952946
10561 10562         165.516384
10561 10564         176.710527
10563 10560         335.045642
10563 10556          322.83176
10563 10562         134.255688
10563 10561         295.589511
10671 10564         516.902789
10671 10562         476.937492
10671 10673         295.297731
10671 10672         339.344019
