0 90 City PostCode
10434 11362      0.00110614765
10434 11251      0.00193037441
10434 11257      0.00136861586
10434 11361     0.000969195416
10434 10446     0.000993867921
10434 11252      0.00103879829
10434 10677      0.00107101643
10434 10432       0.0011810582
10434 10683      0.00142866956
10434 10438      0.00106877954
10434 10681      0.00100676315
10434 10433      0.00209855919
10434 10682      0.00181377108
10434 10439      0.00138872167
10434 11473       0.0011284343
10434 10440      0.00167852576
10435 10553      0.00206458548
10435 10552      0.00111294268
10435 10436      0.00255898513
10435 10437      0.00144485576
10435 10438      0.00107309508
10435 10441      0.00131083801
10435 10431      0.00098591867
10435 11851      0.00102466712
10435 11854      0.00129997016
10435 10554      0.00119576741
10436 10559      0.00104488233
10436 10553      0.00203447554
10436 10551      0.00120374652
10436 10552      0.00160237952
10436 10435      0.00255898513
10436 10677     0.000988152705
10436 10437      0.00325600379
10436 10432      0.00125535343
10436 10438      0.00180273591
10436 10441      0.00126976998
10436 10431      0.00151909644
10436 10433     0.000961722219
10436 10439       0.0011884304
10436 10554      0.00135440184
10436 10560      0.00095187069
10440 11251      0.00146437839
10440 10446       0.0011615219
10440 10432      0.00107857195
10440 10438      0.00141524711
10440 10433      0.00158853103
10440 10682      0.00107881878
10440 10439      0.00251505736
10440 10434      0.00167852576
10440 10444      0.00158936951
10442 10441     0.000968373053
10442 10447      0.00108990101
10443 10446       0.0009797669
10443 10445       0.0012155129
10443 10444     0.000957069474
10444 10443     0.000957069474
10444 10438      0.00106859231
10444 10441      0.00117766201
10444 10439      0.00134858405
10444 10440      0.00158936951
10445 10446      0.00167572145
10445 11252      0.00121030698
10445 10443       0.0012155129
10445 11253      0.00133491924
10445 11145      0.00100361097
10445 11254      0.00113007031
10446 11251      0.00188140781
10446 11257      0.00127399014
10446 11252      0.00229215965
10446 10443       0.0009797669
10446 10445      0.00167572145
10446 11253      0.00136524653
10446 11256     0.000969766747
10446 10434     0.000993867921
10446 10440       0.0011615219
10553 10559      0.00122346128
10553 10564     0.000958835461
10553 10551      0.00158337298
10553 10552       0.0018214775
10553 10436      0.00203447554
10553 10435      0.00206458548
10553 10437      0.00160810999
10553 10432     0.000987822843
10553 10438      0.00103673806
10553 10431      0.00128395247
10553 11851      0.00122964742
10553 10555      0.00162938567
10553 10556      0.00107993045
10553 10561      0.00103329251
10553 11854       0.0010805676
10553 10554      0.00280158307
10553 10560      0.00132066033
10553 10562     0.000968034069
10554 10559      0.00186164349
10554 10553      0.00280158307
10554 10564      0.00137217167
10554 10551      0.00289304251
10554 10679      0.00109644396
10554 10552      0.00250146951
10554 10436      0.00135440184
10554 10435      0.00119576741
10554 10678      0.00111036742
10554 10677      0.00104397283
10554 10437      0.00138434452
10554 10432      0.00105430835
10554 10431      0.00144179896
10554 10558      0.00117128128
10554 11851      0.00106895399
10554 10555      0.00223502294
10554 10556      0.00166865138
10554 10563      0.00142059859
10554 10561      0.00159306826
10554 10560      0.00246487339
10554 10562      0.00147383458
10557 10564      0.00106209791
10557 10672      0.00104677111
10557 11742      0.00107883854
10557 10558       0.0015076529
10557 10556      0.00146780318
10557 11636      0.00122568213
10557 11635      0.00120690144
10557 10674        0.001905662
10557 10671      0.00161870629
10557 10563      0.00175011478
10557 10561      0.00120712534
10557 10560      0.00110499895
10557 10673      0.00117673713
10557 10562      0.00149180179
10557 10675      0.00116531052
10560 10559      0.00321376588
10560 10553      0.00132066033
10560 10564      0.00264906499
10560 10551      0.00395839343
10560 10672      0.00123503617
10560 10679      0.00170647995
10560 10552      0.00207679389
10560 10680      0.00105228364
10560 10436      0.00095187069
10560 10678      0.00144843879
10560 10677      0.00120921386
10560 10437      0.00108051044
10560 10432       0.0010635645
10560 10681     0.000964711832
10560 10431      0.00139463891
10560 10558      0.00136875052
10560 10555      0.00158962888
10560 10556      0.00241308249
10560 10557      0.00110499895
10560 10671      0.00135418358
10560 10563      0.00298466799
10560 10561      0.00427436379
10560 10554      0.00246487339
10560 10673       0.0010101464
10560 10562      0.00360519025
10562 10559      0.00225975538
10562 10553     0.000968034069
10562 10564      0.00310249671
10562 10551      0.00203735284
10562 10672      0.00160170362
10562 10679      0.00195856796
10562 10552      0.00139242982
10562 10680      0.00119185469
10562 10678      0.00137886452
10562 10677      0.00110325443
10562 10681      0.00100238654
10562 10431      0.00111117875
10562 10558      0.00142017443
10562 10555      0.00123626105
10562 10556      0.00235762357
10562 10557      0.00149180179
10562 10674      0.00110872236
10562 10671      0.00209671082
10562 10563      0.00744847399
10562 10561      0.00604169797
10562 10554      0.00147383458
10562 10560      0.00360519025
10562 10673        0.001332955
10564 10559      0.00402989797
10564 10553     0.000958835461
10564 10551      0.00242345761
10564 10672      0.00217593842
10564 10679      0.00473538799
10564 10552       0.0017197751
10564 10680      0.00174468198
10564 10678       0.0024631375
10564 10677      0.00167629279
10564 10437      0.00100866352
10564 10432      0.00123735473
10564 10683      0.00106090109
10564 10681       0.0014562378
10564 10431       0.0015008701
10564 10558     0.000984782147
10564 10555     0.000993633851
10564 10556      0.00139810631
10564 10557      0.00106209791
10564 10674     0.000966766668
10564 10682       0.0010236279
10564 10671      0.00193459974
10564 10563      0.00219028831
10564 10561      0.00565897243
10564 10554      0.00137217167
10564 10560      0.00264906499
10564 10673      0.00144420947
10564 10562      0.00310249671
10672 10559      0.00144553459
10672 10564      0.00217593842
10672 10551      0.00114892309
10672 10679      0.00302750948
10672 10552     0.000985391081
10672 10680      0.00322089766
10672 10678      0.00169035815
10672 10677      0.00127326712
10672 11472      0.00107195088
10672 10683      0.00113051089
10672 11471      0.00112925707
10672 10681      0.00172000084
10672 10431     0.000985124602
10672 10556     0.000958677478
10672 10557      0.00104677111
10672 10674      0.00125337919
10672 10682     0.000970616022
10672 11473     0.000952823752
10672 10671      0.00294686202
10672 10563      0.00138240174
10672 10561      0.00173479982
10672 10560      0.00123503617
10672 10673      0.00347508815
10672 10562      0.00160170362
10672 10676      0.00117837117
10672 10675      0.00137447559
10682 10559      0.00107895501
10682 10564       0.0010236279
10682 10672     0.000970616022
10682 10679      0.00119999311
10682 10552      0.00104423822
10682 10680      0.00132137696
10682 10678      0.00174924149
10682 10677      0.00242843285
10682 10437      0.00106054575
10682 10432      0.00217452657
10682 11472      0.00101432386
10682 10683       0.0040012579
10682 10438      0.00124619501
10682 10681      0.00210982628
10682 10431       0.0014601816
10682 10433      0.00300755952
10682 10439      0.00128369563
10682 11473      0.00148930648
10682 10434      0.00181377108
10682 10440      0.00107881878
11362 11363      0.00101218099
11362 11251      0.00113465977
11362 11257      0.00184928276
11362 11361      0.00232694783
11362 11252      0.00103853474
11362 11256     0.000964188856
11362 11364      0.00100339015
11362 11473      0.00116988287
11362 11474      0.00189283897
11362 10434      0.00110614765
10683 10559      0.00104433306
10683 10564      0.00106090109
10683 10672      0.00113051089
10683 10679      0.00131269814
10683 10680      0.00171281858
10683 10678      0.00175877644
10683 10677      0.00204325131
10683 10432      0.00154010557
10683 11472       0.0013546878
10683 10438     0.000962940084
10683 10681      0.00329617499
10683 10431      0.00120329778
10683 10433      0.00171807412
10683 10682       0.0040012579
10683 10439     0.000971898936
10683 11473       0.0021961517
10683 11474      0.00109242008
10683 10434      0.00142866956
11141 11255       0.0013153103
11141 11144      0.00149979624
11141 11143      0.00109887543
11141 11142      0.00106131404
11142 11141      0.00106131404
11142 11143      0.00107140166
10680 10559       0.0013610633
10680 10564      0.00174468198
10680 10551      0.00107802272
10680 10672      0.00322089766
10680 10679      0.00273670827
10680 10552     0.000993364848
10680 10678      0.00215563356
10680 10677      0.00164688929
10680 10432      0.00112013466
10680 11472      0.00141532808
10680 10683      0.00171281858
10680 11471      0.00124689629
10680 10681      0.00349127078
10680 10431      0.00109090645
10680 10433      0.00095494902
10680 10682      0.00132137696
10680 11473      0.00133035906
10680 10671      0.00154154935
10680 10563      0.00104273726
10680 10561      0.00135430776
10680 10560      0.00105228364
10680 10673      0.00183466629
10680 10562      0.00119185469
10680 10676       0.0010035987
10680 10675      0.00103812685
10681 10559      0.00131535984
10681 10564       0.0014562378
10681 10551      0.00106154075
10681 10672      0.00172000084
10681 10679      0.00205263315
10681 10552      0.00104880148
10681 10680      0.00349127078
10681 10678      0.00258892752
10681 10677      0.00232773791
10681 10432      0.00144773872
10681 11472      0.00142387287
10681 10683      0.00329617499
10681 11471      0.00105980243
10681 10431      0.00127406255
10681 10433      0.00128361313
10681 10682      0.00210982628
10681 11473      0.00169971247
10681 10671      0.00110056291
10681 10561      0.00115820276
10681 10560     0.000964711832
10681 10673      0.00120299456
10681 10562      0.00100238654
10681 10434      0.00100676315
11143 11144      0.00104995274
11143 11141      0.00109887543
11143 11142      0.00107140166
11144 11145      0.00142281255
11144 11254      0.00145644915
11144 11255      0.00120419586
11144 11141      0.00149979624
11144 11143      0.00104995274
11251 11362      0.00113465977
11251 11257      0.00239256293
11251 11361      0.00129835189
11251 10446      0.00188140781
11251 11252      0.00218613582
11251 11253      0.00108010124
11251 11256     0.000952345234
11251 10433      0.00105084236
11251 10439     0.000986726685
11251 10434      0.00193037441
11251 10440      0.00146437839
11252 11362      0.00103853474
11252 11251      0.00218613582
11252 11257      0.00230319924
11252 11361       0.0015524477
11252 10446      0.00229215965
11252 10445      0.00121030698
11252 11253      0.00213471402
11252 11256      0.00154606429
11252 11254      0.00105992313
11252 10434      0.00103879829
11253 11251      0.00108010124
11253 11257      0.00125945134
11253 11361       0.0012351829
11253 10446      0.00136524653
11253 11252      0.00213471402
11253 10445      0.00133491924
11253 11256       0.0026253423
11253 11364      0.00100249335
11253 11254      0.00209365959
11253 11255       0.0011916051
11254 11252      0.00105992313
11254 10445      0.00113007031
11254 11253      0.00209365959
11254 11256      0.00163901849
11254 11145      0.00117807356
11254 11255      0.00162803804
11254 11144      0.00145644915
11255 11253       0.0011916051
11255 11256      0.00160762427
11255 11364      0.00142243332
11255 11254      0.00162803804
11255 11144      0.00120419586
11255 11141       0.0013153103
11256 11362     0.000964188856
11256 11251     0.000952345234
11256 11257      0.00130980571
11256 11361      0.00163925082
11256 10446     0.000969766747
11256 11252      0.00154606429
11256 11253       0.0026253423
11256 11364      0.00162174902
11256 11254      0.00163901849
11256 11255      0.00160762427
11361 11363     0.000984687862
11361 11362      0.00232694783
11361 11251      0.00129835189
11361 11257      0.00283119791
11361 11252       0.0015524477
11361 11253       0.0012351829
11361 11256      0.00163925082
11361 11364      0.00138321194
11361 11474      0.00104584982
11361 10434     0.000969195416
11364 11363      0.00143407964
11364 11362      0.00100339015
11364 11361      0.00138321194
11364 11253      0.00100249335
11364 11256      0.00162174902
11364 11255      0.00142243332
11471 10672      0.00112925707
11471 10680      0.00124689629
11471 11521      0.00147715871
11471 11472      0.00224349367
11471 10681      0.00105980243
11471 11473       0.0011899716
11471 11475      0.00114432797
11471 10673      0.00122473484
11471 10676      0.00150110754
11471 10675      0.00110327163
11471 11474     0.000953498177
11472 10672      0.00107195088
11472 10680      0.00141532808
11472 11521     0.000951912157
11472 10683       0.0013546878
11472 11471      0.00224349367
11472 10681      0.00142387287
11472 10682      0.00101432386
11472 11473      0.00249046453
11472 11475      0.00128932125
11472 10673     0.000999691256
11472 11474      0.00153518728
11473 10672     0.000952823752
11473 10680      0.00133035906
11473 11362      0.00116988287
11473 10678      0.00104089394
11473 10677      0.00107466219
11473 11472      0.00249046453
11473 10683       0.0021961517
11473 11471       0.0011899716
11473 10681      0.00169971247
11473 10433      0.00102370953
11473 10682      0.00148930648
11473 11475        0.001024837
11473 11474      0.00201854318
11473 10434       0.0011284343
11474 11362      0.00189283897
11474 11257     0.000976737669
11474 11361      0.00104584982
11474 11472      0.00153518728
11474 10683      0.00109242008
11474 11471     0.000953498177
11474 11473      0.00201854318
11474 11475      0.00142254017
11475 11476      0.00104941152
11475 11521      0.00104134953
11475 11472      0.00128932125
11475 11471      0.00114432797
11475 11473        0.001024837
11475 11523       0.0010065548
11475 11522        0.002192322
11475 11474      0.00142254017
11476 11363      0.00167903144
11476 11524      0.00138648406
11476 11475      0.00104941152
11476 11522      0.00120679113
11521 11472     0.000951912157
11521 11471      0.00147715871
11521 11528      0.00103448576
11521 11523     0.000957522683
11521 11475      0.00104134953
11521 11522      0.00102671024
11521 10676      0.00120980505
11522 11524      0.00111586091
11522 11476      0.00120679113
11522 11521      0.00102671024
11522 11523      0.00178581689
11522 11475        0.002192322
11523 11524      0.00121426659
11523 11521     0.000957522683
11523 11475       0.0010065548
11523 11522      0.00178581689
11523 11526      0.00183488588
11526 11524      0.00122232868
11526 11527      0.00124864289
11526 11523      0.00183488588
11527 11525      0.00095176018
11527 11526      0.00124864289
11528 11521      0.00103448576
11528 11634      0.00109466467
11633 11632      0.00121846156
11633 11635      0.00156844264
11633 11634      0.00164576852
11634 11633      0.00164576852
11634 11635      0.00237765609
11634 10674      0.00133058618
11634 11528      0.00109466467
11634 10676      0.00119576253
11634 10675      0.00134370289
11635 11632      0.00098775142
11635 11636         0.00131965
11635 10557      0.00120690144
11635 11633      0.00156844264
11635 10674      0.00167654656
11635 11634      0.00237765609
11635 10676     0.000984959155
11635 10675      0.00127226587
11636 11743      0.00139308835
11636 11632      0.00139476706
11636 11631      0.00133695111
11636 11742     0.000962230296
11636 10557      0.00122568213
11636 11635         0.00131965
11636 10674     0.000953569438
11741 11743     0.000970159191
11741 11745        0.001000809
11741 11742      0.00146610454
11741 10558     0.000997240585
11741 11852      0.00131042424
11741 11851      0.00114990791
11741 10555     0.000978512002
10438 10559      0.00102005497
10438 10553      0.00103673806
10438 10551      0.00104342505
10438 10552      0.00136146781
10438 10436      0.00180273591
10438 10435      0.00107309508
10438 10678      0.00109504653
10438 10677      0.00135516395
10438 10437      0.00286605986
10438 10432      0.00221201601
10438 10683     0.000962940084
10438 10441      0.00105285875
10438 10431      0.00190528629
10438 10433       0.0019066728
10438 10682      0.00124619501
10438 10439      0.00323552053
10438 10434      0.00106877954
10438 10440      0.00141524711
10438 10444      0.00106859231
10439 10552     0.000983525796
10439 10436       0.0011884304
10439 11251     0.000986726685
10439 10677      0.00114768988
10439 10437      0.00152024506
10439 10432      0.00165893124
10439 10683     0.000971898936
10439 10438      0.00323552053
10439 10441     0.000968205053
10439 10431       0.0013031992
10439 10433      0.00223397031
10439 10682      0.00128369563
10439 10434      0.00138872167
10439 10440      0.00251505736
10439 10444      0.00134858405
10441 10436      0.00126976998
10441 10435      0.00131083801
10441 10437      0.00101132589
10441 10438      0.00105285875
10441 10447      0.00125123264
10441 10439     0.000968205053
10441 10444      0.00117766201
10441 10442     0.000968373053
10447 11855       0.0012378548
10447 10441      0.00125123264
10447 10442      0.00108990101
10551 10559      0.00518389719
10551 10553      0.00158337298
10551 10564      0.00242345761
10551 10672      0.00114892309
10551 10679      0.00173886302
10551 10552      0.00432826571
10551 10680      0.00107802272
10551 10436      0.00120374652
10551 10678      0.00178147972
10551 10677      0.00154580145
10551 10437      0.00147561703
10551 10432       0.0014087556
10551 10438      0.00104342505
10551 10681      0.00106154075
10551 10431      0.00211332928
10551 10558      0.00104258424
10551 10555      0.00137207968
10551 10556      0.00154291671
10551 10671      0.00112056138
10551 10563      0.00173125342
10551 10561      0.00269973119
10551 10554      0.00289304251
10551 10560      0.00395839343
10551 10562      0.00203735284
10552 10559      0.00299996587
10552 10553       0.0018214775
10552 10564       0.0017197751
10552 10551      0.00432826571
10552 10672     0.000985391081
10552 10679      0.00144455065
10552 10680     0.000993364848
10552 10436      0.00160237952
10552 10435      0.00111294268
10552 10678      0.00175022169
10552 10677      0.00172764977
10552 10437      0.00223751696
10552 10432      0.00181919184
10552 10438      0.00136146781
10552 10681      0.00104880148
10552 10431      0.00338800036
10552 10555      0.00118652136
10552 10556      0.00116498588
10552 10433      0.00108062545
10552 10682      0.00104423822
10552 10439     0.000983525796
10552 10563      0.00123669676
10552 10561      0.00170984219
10552 10554      0.00250146951
10552 10560      0.00207679389
10552 10562      0.00139242982
11744 11743      0.00115629593
11744 11745      0.00177667349
11745 11743     0.000969079663
11745 11741        0.001000809
11745 11744      0.00177667349
11851 10553      0.00122964742
11851 10435      0.00102466712
11851 11741      0.00114990791
11851 11852      0.00116080915
11851 11853     0.000972520434
11851 10555      0.00152506411
11851 11854      0.00173825925
11851 10554      0.00106895399
11852 11741      0.00131042424
11852 11853      0.00188143702
11852 11851      0.00116080915
11853 11852      0.00188143702
11853 11851     0.000972520434
11853 11854      0.00107057317
11854 10553       0.0010805676
11854 10435      0.00129997016
11854 11853      0.00107057317
11854 11851      0.00173825925
10555 10559      0.00111939286
10555 10553      0.00162938567
10555 10564     0.000993633851
10555 10551      0.00137207968
10555 10552      0.00118652136
10555 11741     0.000978512002
10555 11742      0.00123121859
10555 10558      0.00178909708
10555 11851      0.00152506411
10555 10556      0.00211379347
10555 10563      0.00132483648
10555 10561      0.00117590234
10555 10554      0.00223502294
10555 10560      0.00158962888
10555 10562      0.00123626105
10556 10559      0.00138344688
10556 10553      0.00107993045
10556 10564      0.00139810631
10556 10551      0.00154291671
10556 10672     0.000958677478
10556 10679      0.00108624714
10556 10552      0.00116498588
10556 11742      0.00134081511
10556 10558      0.00316142106
10556 10555      0.00211379347
10556 10557      0.00146780318
10556 10671      0.00119814192
10556 10563      0.00309758867
10556 10561      0.00185685958
10556 10554      0.00166865138
10556 10560      0.00241308249
10556 10562      0.00235762357
10558 10559     0.000962472296
10558 10564     0.000984782147
10558 10551      0.00104258424
10558 11743     0.000998494076
10558 11741     0.000997240585
10558 11742      0.00230235928
10558 10555      0.00178909708
10558 10556      0.00316142106
10558 10557       0.0015076529
10558 10671     0.000970983277
10558 10563      0.00172713758
10558 10561      0.00119028969
10558 10554      0.00117128128
10558 10560      0.00136875052
10558 10562      0.00142017443
10431 10559      0.00218220272
10431 10553      0.00128395247
10431 10564       0.0015008701
10431 10551      0.00211332928
10431 10672     0.000985124602
10431 10679       0.0014536349
10431 10552      0.00338800036
10431 10680      0.00109090645
10431 10436      0.00151909644
10431 10435      0.00098591867
10431 10678      0.00220632027
10431 10677       0.0027733009
10431 10437      0.00268722584
10431 10432      0.00392293135
10431 10683      0.00120329778
10431 10438      0.00190528629
10431 10681      0.00127406255
10431 10433      0.00158636982
10431 10682       0.0014601816
10431 10439       0.0013031992
10431 10563     0.000987154112
10431 10561      0.00134796761
10431 10554      0.00144179896
10431 10560      0.00139463891
10431 10562      0.00111117875
10432 10559       0.0015382765
10432 10553     0.000987822843
10432 10564      0.00123735473
10432 10551       0.0014087556
10432 10679      0.00131006913
10432 10552      0.00181919184
10432 10680      0.00112013466
10432 10436      0.00125535343
10432 10678      0.00211180583
10432 10677       0.0034896507
10432 10437      0.00204254738
10432 10683      0.00154010557
10432 10438      0.00221201601
10432 10681      0.00144773872
10432 10431      0.00392293135
10432 10433      0.00264478689
10432 10682      0.00217452657
10432 10439      0.00165893124
10432 10561      0.00108523813
10432 10554      0.00105430835
10432 10560       0.0010635645
10432 10434       0.0011810582
10432 10440      0.00107857195
10433 10559     0.000990174323
10433 10679     0.000964288299
10433 10552      0.00108062545
10433 10680      0.00095494902
10433 10436     0.000961722219
10433 11251      0.00105084236
10433 10678      0.00134650418
10433 10677      0.00185739796
10433 10437      0.00132026287
10433 10432      0.00264478689
10433 10683      0.00171807412
10433 10438       0.0019066728
10433 10681      0.00128361313
10433 10431      0.00158636982
10433 10682      0.00300755952
10433 10439      0.00223397031
10433 11473      0.00102370953
10433 10434      0.00209855919
10433 10440      0.00158853103
10437 10559      0.00132827037
10437 10553      0.00160810999
10437 10564      0.00100866352
10437 10551      0.00147561703
10437 10679     0.000954385767
10437 10552      0.00223751696
10437 10436      0.00325600379
10437 10435      0.00144485576
10437 10678      0.00121158375
10437 10677      0.00140319007
10437 10432      0.00204254738
10437 10438      0.00286605986
10437 10441      0.00101132589
10437 10431      0.00268722584
10437 10433      0.00132026287
10437 10682      0.00106054575
10437 10439      0.00152024506
10437 10561     0.000976020772
10437 10554      0.00138434452
10437 10560      0.00108051044
10673 10559      0.00106536316
10673 10564      0.00144420947
10673 10672      0.00347508815
10673 10679      0.00164467656
10673 10680      0.00183466629
10673 10678       0.0011373984
10673 11472     0.000999691256
10673 11471      0.00122473484
10673 10681      0.00120299456
10673 10557      0.00117673713
10673 10674      0.00179667015
10673 10671      0.00338641274
10673 10563      0.00123519273
10673 10561      0.00131358314
10673 10560       0.0010101464
10673 10562        0.001332955
10673 10676       0.0016919953
10673 10675      0.00227364139
10674 10564     0.000966766668
10674 10672      0.00125337919
10674 10679      0.00095305106
10674 11636     0.000953569438
10674 10557        0.001905662
10674 11635      0.00167654656
10674 11634      0.00133058618
10674 10671      0.00190290267
10674 10563      0.00114428432
10674 10561     0.000992880209
10674 10673      0.00179667015
10674 10562      0.00110872236
10674 10676      0.00147203323
10674 10675      0.00283940335
10675 10672      0.00137447559
10675 10679     0.000959672251
10675 10680      0.00103812685
10675 11471      0.00110327163
10675 10557      0.00116531052
10675 11635      0.00127226587
10675 10674      0.00283940335
10675 11634      0.00134370289
10675 10671      0.00166780268
10675 10673      0.00227364139
10675 10676      0.00304105119
10676 10672      0.00117837117
10676 10680       0.0010035987
10676 11521      0.00120980505
10676 11471      0.00150110754
10676 11635     0.000984959155
10676 10674      0.00147203323
10676 11634      0.00119576253
10676 10671      0.00118879181
10676 10673       0.0016919953
10676 10675      0.00304105119
10677 10559      0.00193863307
10677 10564      0.00167629279
10677 10551      0.00154580145
10677 10672      0.00127326712
10677 10679      0.00198636433
10677 10552      0.00172764977
10677 10680      0.00164688929
10677 10436     0.000988152705
10677 10678       0.0048474053
10677 10437      0.00140319007
10677 10432       0.0034896507
10677 10683      0.00204325131
10677 10438      0.00135516395
10677 10681      0.00232773791
10677 10431       0.0027733009
10677 10433      0.00185739796
10677 10682      0.00242843285
10677 10439      0.00114768988
10677 11473      0.00107466219
10677 10671     0.000970498347
10677 10563     0.000963229517
10677 10561      0.00134663536
10677 10554      0.00104397283
10677 10560      0.00120921386
10677 10562      0.00110325443
10677 10434      0.00107101643
10678 10559      0.00256142455
10678 10564       0.0024631375
10678 10551      0.00178147972
10678 10672      0.00169035815
10678 10679      0.00336399047
10678 10552      0.00175022169
10678 10680      0.00215563356
10678 10677       0.0048474053
10678 10437      0.00121158375
10678 10432      0.00211180583
10678 10683      0.00175877644
10678 10438      0.00109504653
10678 10681      0.00258892752
10678 10431      0.00220632027
10678 10433      0.00134650418
10678 10682      0.00174924149
10678 11473      0.00104089394
10678 10671      0.00121313747
10678 10563      0.00116403304
10678 10561      0.00176546708
10678 10554      0.00111036742
10678 10560      0.00144843879
10678 10673       0.0011373984
10678 10562      0.00137886452
10679 10559      0.00259897967
10679 10564      0.00473538799
10679 10551      0.00173886302
10679 10672      0.00302750948
10679 10552      0.00144455065
10679 10680      0.00273670827
10679 10678      0.00336399047
10679 10677      0.00198636433
10679 10437     0.000954385767
10679 10432      0.00131006913
10679 10683      0.00131269814
10679 10681      0.00205263315
10679 10431       0.0014536349
10679 10556      0.00108624714
10679 10674      0.00095305106
10679 10433     0.000964288299
10679 10682      0.00119999311
10679 10671      0.00189736621
10679 10563      0.00155910307
10679 10561      0.00260168312
10679 10554      0.00109644396
10679 10560      0.00170647995
10679 10673      0.00164467656
10679 10562      0.00195856796
10679 10675     0.000959672251
11145 10445      0.00100361097
11145 11254      0.00117807356
11145 11144      0.00142281255
11257 11362      0.00184928276
11257 11251      0.00239256293
11257 11361      0.00283119791
11257 10446      0.00127399014
11257 11252      0.00230319924
11257 11253      0.00125945134
11257 11256      0.00130980571
11257 11474     0.000976737669
11257 10434      0.00136861586
11524 11476      0.00138648406
11524 11523      0.00121426659
11524 11522      0.00111586091
11524 11526      0.00122232868
11525 11527      0.00095176018
11631 11743      0.00112658668
11631 11632      0.00207307078
11631 11636      0.00133695111
11632 11631      0.00207307078
11632 11636      0.00139476706
11632 11633      0.00121846156
11632 11635      0.00098775142
11855 10447       0.0012378548
11363 11362      0.00101218099
11363 11476      0.00167903144
11363 11361     0.000984687862
11363 11364      0.00143407964
11742 11743      0.00152744521
11742 11741      0.00146610454
11742 10558      0.00230235928
11742 10555      0.00123121859
11742 10556      0.00134081511
11742 11636     0.000962230296
11742 10557      0.00107883854
11742 10563     0.000992307248
11743 11741     0.000970159191
11743 11631      0.00112658668
11743 11744      0.00115629593
11743 11745     0.000969079663
11743 11742      0.00152744521
11743 10558     0.000998494076
11743 11636      0.00139308835
10559 10553      0.00122346128
10559 10564      0.00402989797
10559 10551      0.00518389719
10559 10672      0.00144553459
10559 10679      0.00259897967
10559 10552      0.00299996587
10559 10680       0.0013610633
10559 10436      0.00104488233
10559 10678      0.00256142455
10559 10677      0.00193863307
10559 10437      0.00132827037
10559 10432       0.0015382765
10559 10683      0.00104433306
10559 10438      0.00102005497
10559 10681      0.00131535984
10559 10431      0.00218220272
10559 10558     0.000962472296
10559 10555      0.00111939286
10559 10556      0.00138344688
10559 10433     0.000990174323
10559 10682      0.00107895501
10559 10671      0.00131644156
10559 10563      0.00178393307
10559 10561      0.00352368594
10559 10554      0.00186164349
10559 10560      0.00321376588
10559 10673      0.00106536316
10559 10562      0.00225975538
10561 10559      0.00352368594
10561 10553      0.00103329251
10561 10564      0.00565897243
10561 10551      0.00269973119
10561 10672      0.00173479982
10561 10679      0.00260168312
10561 10552      0.00170984219
10561 10680      0.00135430776
10561 10678      0.00176546708
10561 10677      0.00134663536
10561 10437     0.000976020772
10561 10432      0.00108523813
10561 10681      0.00115820276
10561 10431      0.00134796761
10561 10558      0.00119028969
10561 10555      0.00117590234
10561 10556      0.00185685958
10561 10557      0.00120712534
10561 10674     0.000992880209
10561 10671      0.00189805379
10561 10563      0.00338306998
10561 10554      0.00159306826
10561 10560      0.00427436379
10561 10673      0.00131358314
10561 10562      0.00604169797
10563 10559      0.00178393307
10563 10564      0.00219028831
10563 10551      0.00173125342
10563 10672      0.00138240174
10563 10679      0.00155910307
10563 10552      0.00123669676
10563 10680      0.00104273726
10563 10678      0.00116403304
10563 10677     0.000963229517
10563 10431     0.000987154112
10563 11742     0.000992307248
10563 10558      0.00172713758
10563 10555      0.00132483648
10563 10556      0.00309758867
10563 10557      0.00175011478
10563 10674      0.00114428432
10563 10671      0.00192475323
10563 10561      0.00338306998
10563 10554      0.00142059859
10563 10560      0.00298466799
10563 10673      0.00123519273
10563 10562      0.00744847399
10671 10559      0.00131644156
10671 10564      0.00193459974
10671 10551      0.00112056138
10671 10672      0.00294686202
10671 10679      0.00189736621
10671 10680      0.00154154935
10671 10678      0.00121313747
10671 10677     0.000970498347
10671 10681      0.00110056291
10671 10558     0.000970983277
10671 10556      0.00119814192
10671 10557      0.00161870629
10671 10674      0.00190290267
10671 10563      0.00192475323
10671 10561      0.00189805379
10671 10560      0.00135418358
10671 10673      0.00338641274
10671 10562      0.00209671082
10671 10676      0.00118879181
10671 10675      0.00166780268
